permissable squares: (x, y)
(0, 1)
(1, 1)
(2, 1)
(3, 1)
(4, 0)
(5, 0), (5, 2), (5, 5), (5, 6), (5, 8)
(6, 0), (6, 2), (6, 3), (6, 4), (6, 5), (6, 8)
(7, 0), (7, 3), (7, 4), (7, 8)
(8, 0), (8, 4), (8, 5), (8, 7), (8, 8)
(9, 0), (9, 3), (9, 5), (9, 7), (9, 8)
(10, 1), (10, 2), (10, 6), (10, 8)
(11, 1), (11, 2), (11, 6), (11, 8)
(12, 1), (12, 2), (12, 7), (12, 8)
(13, 0), (13, 3), (13, 7), (13, 9)
(14, 4), (14, 7), (14, 9)
(15, 5), (15, 8), (15, 9)
(16, 6), (16, 8), (16, 9)
(17, 7), (17, 10)
(18, 8), (18, 10)
(19, 8), (19, 9), (19, 10)
(20, 8), (20, 10), (20, 11)
(21, 8), (21, 15)
(22, 8), (22, 15)
(23, 7), (23, 15)
(24, 6), (24, 7), (24, 8), (24, 10), (24, 16), (24, 17)
(25, 5), (25, 6), (25, 8), (25, 10), (25, 11), (25, 13), (25, 14), (25, 15), (25, 16)
(26, 0), (26, 1), (26, 2), (26, 3), (26, 4), (26, 5), (26, 9), (26, 10), (26, 12), (26, 13), (26, 15), (26, 16)
(27, 0), (27, 1), (27, 2), (27, 11), (27, 15), (27, 16)
(28, 0), (28, 1), (28, 2), (28, 11), (28, 15), (28, 16)
(29, 0), (29, 1), (29, 2), (29, 15), (29, 16)
(30, 2), (30, 15), (30, 16)
(31, 1), (31, 2), (31, 15), (31, 16)